1 0.234855 0.579553 0.296935 0.0605532 0.0179028 0.0432556 0.35065 0.503678 0.033992 0.881856 0.0605532 0.0829316 0.0460786 0.688005 0.669215 0.567832 0.0600949 0.5702 0.257028 0.706532 0.518338 0.00625104 0.250339 0.566191 0.0358551 0.0539659 0.109559 0.580601 0.589197 0.593231 0.00625104 0.00907558 0.54609 0.376279 0.08961 0.47027 0.611963 0.490741 0.0791631 0.768371 0.07209 0.888367 0.431342 0.425386 0.587313 0.0834521 0.868365 0.00577574 0.0824194 0.719946 0.42992 0.498107 0.122978 0.150437 0.25119 0.00719943 0.0561282 0.0722067 0.440743 0.00109011 0.257456
0.234855 1 0.0998463 0.127603 0.01417 0.388891 0.593705 0.769352 0.287784 0.583131 0.171652 0.01417 0.0178572 0.628425 0.198815 0.178505 0.181331 0.747614 0.157697 0.744157 0.340687 0.142006 0.188489 0.164965 0.134357 0.65281 0.733663 0.850401 0.561394 0.131473 0.561323 0.188489 0.240563 0.163539 0.101079 0.0125871 0.476496 0.234011 0.143385 0.257106 0.36921 0.731797 0.258002 0.109925 0.11439 0.199117 0.0158094 0.351023 0.125469 0.0163859 0.213535 0.118573 0.129774 0.0233186 0.839769 0.040749 0.200731 0.615151 0.0172476 0.220426 0.0539747 0.0520087
0.579553 0.0998463 1 0.10516 0.0199991 0.00459914 0.0128763 0.148917 0.245303 0.0095509 0.773288 0.0199991 0.0371163 0.0138801 0.394918 0.24346 0.355876 0.0193369 0.247892 0.115756 0.484854 0.256765 0.0016379 0.0909349 0.225595 0.00983567 0.0171424 0.037314 0.319307 0.326079 0.356569 0.0016379 0.00227396 0.339317 0.358686 0.0457096 0.221386 0.459514 0.377943 0.0274688 0.360639 0.0240955 0.751992 0.348192 0.678773 0.263029 0.061702 0.567814 0.00142143 0.0756254 0.440148 0.17625 0.234937 0.318475 0.0560777 0.0544127 0.00172826 0.0172204 0.0562779 0.150167 0.000230352 0.662749
0.296935 0.127603 0.10516 1 0.0321558 0.00757183 0.0159221 0.101405 0.818026 0.0142917 0.161937 0.0321558 0.0476067 0.017708 0.549871 0.437311 0.385683 0.0263517 0.358415 0.0632838 0.46417 0.341137 0.00267217 0.207008 0.36681 0.0132261 0.0240428 0.0388872 0.33963 0.299859 0.141401 0.00267217 0.00339565 0.356147 0.257603 0.034191 0.438318 0.48314 0.310288 0.0731707 0.420485 0.0318193 0.180076 0.284532 0.192426 0.507292 0.0549925 0.221006 0.0028734 0.0561822 0.405081 0.26081 0.280856 0.0625206 0.0486598 0.111434 0.00253365 0.0289376 0.0447994 0.821069 0.000378496 0.0982431
0.0605532 0.01417 0.0199991 0.0321558 1 0.000517752 0.0011564 0.012698 0.0732739 0.00100893 0.0484294 0.116993 0.00875573 0.00129805 0.0958872 0.152226 0.0796527 0.00216491 0.23072 0.00586173 0.0925808 0.224115 0.000163613 0.167132 0.22458 0.000873199 0.00185584 0.0034205 0.0314839 0.193545 0.0167945 0.000163613 0.000200136 0.0880722 0.0388512 0.0262634 0.0856235 0.103888 0.0542403 0.00968574 0.0835841 0.00260471 0.0440321 0.065581 0.0275003 0.219355 0.00808367 0.0354537 0.0002091 0.00581373 0.179617 0.526849 0.0638176 0.00979034 0.00438385 0.137845 0.00014683 0.00269754 0.00494995 0.0781866 1.80708e-05 0.015459
0.0179028 0.388891 0.00459914 0.00757183 0.000517752 1 0.857395 0.215395 0.0256096 0.843099 0.00945462 0.000517752 0.000883355 0.834087 0.0156997 0.0147502 0.0129577 0.556278 0.00989848 0.216344 0.0393587 0.00890337 0.105546 0.0225529 0.00734805 0.159718 0.122631 0.223451 0.0888844 0.00701849 0.0896048 0.105546 0.410142 0.0134801 0.00659169 0.000396063 0.1517 0.0288793 0.00959773 0.225128 0.064529 0.67862 0.020698 0.00717226 0.00655475 0.0153347 0.000619852 0.0327213 0.205494 0.000643847 0.0141947 0.00753361 0.010938 0.000971859 0.623897 0.00194276 0.77345 0.785618 0.000636254 0.0263708 0.115529 0.00312032
0.0432556 0.593705 0.0128763 0.0159221 0.0011564 0.857395 1 0.386342 0.0518621 0.916284 0.0257108 0.0011564 0.00220658 0.92698 0.0341009 0.0312586 0.0278052 0.74645 0.02136 0.382167 0.0749359 0.0190074 0.198673 0.0369581 0.0166806 0.293995 0.245316 0.397527 0.168987 0.0165336 0.189539 0.198673 0.455187 0.0287023 0.0143959 0.00105572 0.221458 0.0525819 0.0212829 0.264688 0.121889 0.82648 0.0519743 0.0157538 0.0148008 0.0306344 0.00152569 0.0758215 0.235891 0.00157414 0.0322915 0.0155434 0.0246739 0.00233067 0.822734 0.00457686 0.720348 0.877851 0.00160022 0.0456881 0.130919 0.00688705
0.35065 0.769352 0.148917 0.101405 0.012698 0.215395 0.386342 1 0.239054 0.339065 0.257226 0.012698 0.0317054 0.398275 0.256379 0.219088 0.208578 0.455857 0.168171 0.89731 0.331793 0.157575 0.0797842 0.105271 0.157223 0.378411 0.416818 0.646346 0.537033 0.166748 0.780384 0.0797842 0.125967 0.211706 0.126739 0.0177302 0.364315 0.252953 0.177319 0.131645 0.498223 0.480647 0.386574 0.142549 0.126282 0.191527 0.0232438 0.451176 0.067034 0.0233631 0.255799 0.11948 0.210586 0.0319172 0.748738 0.0535341 0.112255 0.385208 0.0219769 0.171169 0.0238818 0.0670138
0.503678 0.287784 0.245303 0.818026 0.0732739 0.0256096 0.0518621 0.239054 1 0.0470541 0.348688 0.0732739 0.0779818 0.0570549 0.711175 0.63773 0.612551 0.0779429 0.617086 0.188902 0.79075 0.589111 0.0102102 0.380674 0.583377 0.0470661 0.0750638 0.1114 0.673191 0.515181 0.372287 0.0102102 0.0130338 0.554377 0.393454 0.0717382 0.66596 0.723696 0.490403 0.132562 0.638553 0.0929881 0.395401 0.438738 0.366341 0.755768 0.0855932 0.49288 0.00879414 0.0870104 0.6706 0.464953 0.403619 0.118391 0.138343 0.195962 0.00980969 0.0760797 0.0745989 0.897977 0.00174593 0.198637
0.033992 0.583131 0.0095509 0.0142917 0.00100893 0.843099 0.916284 0.339065 0.0470541 1 0.0193663 0.00100893 0.00171399 0.992424 0.0284815 0.0264196 0.0238757 0.746632 0.0184836 0.336115 0.0678898 0.0163803 0.193835 0.035726 0.0139797 0.28356 0.234917 0.377769 0.15412 0.0135452 0.155409 0.193835 0.673446 0.024164 0.0121412 0.000824378 0.217427 0.0475371 0.0179613 0.270955 0.105516 0.889093 0.0398622 0.0132116 0.012613 0.0273606 0.00122453 0.0618925 0.242666 0.00127109 0.0268439 0.0136843 0.0198507 0.00189576 0.80246 0.00373733 0.515935 0.896355 0.00130346 0.0431056 0.282781 0.00575408
0.881856 0.171652 0.773288 0.161937 0.0484294 0.00945462 0.0257108 0.257226 0.348688 0.0193663 1 0.0484294 0.0433454 0.0276173 0.495276 0.443471 0.407192 0.0373416 0.424305 0.204692 0.584811 0.390941 0.00349985 0.165165 0.405144 0.0205223 0.0338259 0.0708511 0.508793 0.523456 0.556541 0.00349985 0.00486863 0.385163 0.282984 0.136094 0.306143 0.457407 0.371661 0.0399606 0.52992 0.0462429 0.934168 0.333675 0.459895 0.419796 0.0565822 0.854042 0.00280788 0.0514858 0.578011 0.31366 0.346173 0.142706 0.104108 0.129013 0.00371395 0.0319384 0.0456979 0.255998 0.000528397 0.343693
0.0605532 0.01417 0.0199991 0.0321558 0.116993 0.000517752 0.0011564 0.012698 0.0732739 0.00100893 0.0484294 1 0.00875573 0.00129805 0.0958872 0.152226 0.0796527 0.00216491 0.23072 0.00586173 0.0925808 0.224115 0.000163613 0.167132 0.22458 0.000873199 0.00185584 0.0034205 0.0314839 0.193545 0.0167945 0.000163613 0.000200136 0.0880722 0.0388512 0.0262634 0.0856235 0.103888 0.0542403 0.00968574 0.0835841 0.00260471 0.0440321 0.065581 0.0275003 0.219355 0.00808367 0.0354537 0.0002091 0.00581373 0.179617 0.526849 0.0638176 0.00979034 0.00438385 0.137845 0.00014683 0.00269754 0.00494995 0.0781866 1.80708e-05 0.015459
0.0829316 0.0178572 0.0371163 0.0476067 0.00875573 0.000883355 0.00220658 0.0317054 0.0779818 0.00171399 0.0433454 0.00875573 1 0.00237717 0.214288 0.0772352 0.229907 0.00349317 0.0937771 0.0116228 0.12792 0.177819 0.000284722 0.0375346 0.0895315 0.00180945 0.00300418 0.00721797 0.040575 0.0999938 0.02503 0.000284722 0.000388495 0.56058 0.176855 0.0103481 0.0850705 0.213949 0.186015 0.0103179 0.190013 0.00406171 0.0545559 0.183209 0.0892002 0.109511 0.0357267 0.0454303 0.000319406 0.0376306 0.204801 0.0763842 0.111567 0.0351324 0.00895114 0.0192065 0.000301752 0.00383145 0.0266476 0.0551686 3.88763e-05 0.0412812
0.0460786 0.628425 0.0138801 0.017708 0.00129805 0.834087 0.92698 0.398275 0.0570549 0.992424 0.0276173 0.00129805 0.00237717 1 0.0366466 0.0336178 0.0303406 0.758354 0.0234699 0.398296 0.0814649 0.0208208 0.193133 0.0404038 0.0182552 0.296367 0.254913 0.407734 0.18205 0.0180402 0.198213 0.193133 0.653714 0.0308293 0.0156525 0.0011641 0.236349 0.0566461 0.0231729 0.277941 0.127721 0.912273 0.0550822 0.0171009 0.0163085 0.0336233 0.00167377 0.0812025 0.246678 0.00172937 0.0351038 0.0171196 0.0261683 0.00256065 0.851062 0.00499613 0.512979 0.907894 0.00177099 0.0499176 0.271231 0.00750721
0.688005 0.198815 0.394918 0.549871 0.0958872 0.0156997 0.0341009 0.256379 0.711175 0.0284815 0.495276 0.0958872 0.214288 0.0366466 1 0.695856 0.911844 0.0493881 0.72813 0.14906 0.852766 0.767978 0.00520702 0.360302 0.730585 0.0284605 0.0437216 0.0841408 0.45246 0.734613 0.314796 0.00520702 0.0074433 0.901803 0.716406 0.124492 0.627685 0.940785 0.841249 0.109451 0.905881 0.0580526 0.514531 0.780278 0.593985 0.789349 0.263854 0.502715 0.00570467 0.270664 0.899783 0.566519 0.778918 0.257855 0.106854 0.23186 0.00594242 0.0528967 0.212715 0.627395 0.000909805 0.32293
0.669215 0.178505 0.24346 0.437311 0.152226 0.0147502 0.0312586 0.219088 0.63773 0.0264196 0.443471 0.152226 0.0772352 0.0336178 0.695856 1 0.546312 0.0450168 0.875172 0.129337 0.64046 0.767017 0.00479318 0.468014 0.88311 0.0257942 0.0396213 0.0746882 0.376287 0.727931 0.266774 0.00479318 0.00689708 0.560157 0.339525 0.127371 0.596384 0.678179 0.444305 0.108267 0.758191 0.0529616 0.429293 0.439174 0.279303 0.880593 0.0743246 0.435665 0.0054779 0.0665254 0.708928 0.760852 0.49502 0.0942682 0.0947381 0.687084 0.005521 0.0500602 0.056375 0.721601 0.000844843 0.159161
0.567832 0.181331 0.355876 0.385683 0.0796527 0.0129577 0.0278052 0.208578 0.612551 0.0238757 0.407192 0.0796527 0.229907 0.0303406 0.911844 0.546312 1 0.0421554 0.626484 0.12417 0.860072 0.690448 0.00441903 0.313789 0.600777 0.0228614 0.0378571 0.0686736 0.441673 0.609002 0.283937 0.00441903 0.00598571 0.885978 0.647949 0.0827628 0.565969 0.877441 0.849815 0.101616 0.783798 0.0504537 0.461239 0.701024 0.597185 0.680828 0.183048 0.457234 0.00485032 0.184342 0.911497 0.4884 0.652685 0.209887 0.0879818 0.1672 0.00461504 0.0458891 0.241732 0.478746 0.000697817 0.28785
0.0600949 0.747614 0.0193369 0.0263517 0.00216491 0.556278 0.74645 0.455857 0.0779429 0.746632 0.0373416 0.00216491 0.00349317 0.758354 0.0493881 0.0450168 0.0421554 1 0.0337465 0.398392 0.103929 0.0299199 0.531567 0.050063 0.0268735 0.63423 0.537887 0.705523 0.2277 0.0263031 0.222825 0.531567 0.360465 0.0413297 0.0221044 0.0019159 0.253391 0.0708973 0.0325553 0.224051 0.151376 0.704962 0.0683637 0.0240908 0.0236715 0.0465255 0.0026455 0.102367 0.185715 0.00273964 0.0484121 0.024609 0.0345746 0.00398 0.712025 0.00754189 0.337008 0.721269 0.00286191 0.0634931 0.104897 0.0106084
0.5702 0.157697 0.247892 0.358415 0.23072 0.00989848 0.02136 0.168171 0.617086 0.0184836 0.424305 0.23072 0.0937771 0.0234699 0.72813 0.875172 0.626484 0.0337465 1 0.0965503 0.703013 0.939845 0.00337796 0.536648 0.969338 0.0174207 0.0302435 0.0542144 0.373197 0.872717 0.229169 0.00337796 0.00445665 0.63696 0.38892 0.22793 0.583125 0.740951 0.517095 0.0936995 0.710746 0.0405222 0.392408 0.520673 0.33848 0.950961 0.0979706 0.399734 0.00373665 0.0824073 0.786631 0.846315 0.538015 0.119508 0.0693153 0.447626 0.00338729 0.0376852 0.0764368 0.61914 0.000500513 0.179302
0.257028 0.744157 0.115756 0.0632838 0.00586173 0.216344 0.382167 0.89731 0.188902 0.336115 0.204692 0.00586173 0.0116228 0.398296 0.14906 0.129337 0.12417 0.398392 0.0965503 1 0.264954 0.0823455 0.0661638 0.072256 0.0812333 0.261097 0.320342 0.501673 0.522488 0.0917592 0.776168 0.0661638 0.126875 0.118062 0.0650511 0.00769257 0.296885 0.15688 0.0991409 0.121105 0.349039 0.496859 0.338096 0.0716067 0.082983 0.115416 0.00836722 0.410196 0.0675412 0.00855443 0.172316 0.065329 0.105072 0.0139234 0.765051 0.023356 0.11183 0.383145 0.00937041 0.115557 0.0241168 0.0398993
0.706532 0.340687 0.484854 0.46417 0.0925808 0.0393587 0.0749359 0.331793 0.79075 0.0678898 0.584811 0.0925808 0.12792 0.0814649 0.852766 0.64046 0.860072 0.103929 0.703013 0.264954 1 0.687584 0.0143807 0.399169 0.647416 0.063858 0.0961795 0.146985 0.749486 0.64071 0.529947 0.0143807 0.0198189 0.757497 0.588452 0.0927417 0.697913 0.840792 0.771278 0.17681 0.791307 0.123677 0.65142 0.590821 0.692459 0.759459 0.128647 0.718093 0.0147092 0.140825 0.893683 0.535791 0.576083 0.155946 0.189181 0.204216 0.0156117 0.108452 0.20283 0.62133 0.00283647 0.273633
0.518338 0.142006 0.256765 0.341137 0.224115 0.00890337 0.0190074 0.157575 0.589111 0.0163803 0.390941 0.224115 0.177819 0.0208208 0.767978 0.767017 0.690448 0.0299199 0.939845 0.0823455 0.687584 1 0.00287101 0.519393 0.887478 0.0151344 0.0262305 0.0488308 0.324729 0.863536 0.192258 0.00287101 0.00388371 0.740198 0.474048 0.22821 0.573479 0.81194 0.570291 0.0923463 0.719773 0.0357394 0.360134 0.605616 0.361885 0.917188 0.140984 0.347696 0.0034747 0.127883 0.805034 0.808104 0.565755 0.174128 0.0619046 0.358338 0.00299573 0.0350435 0.0883827 0.560896 0.000427904 0.240467
0.00625104 0.188489 0.0016379 0.00267217 0.000163613 0.105546 0.198673 0.0797842 0.0102102 0.193835 0.00349985 0.000163613 0.000284722 0.193133 0.00520702 0.00479318 0.00441903 0.531567 0.00337796 0.0661638 0.0143807 0.00287101 1 0.00653688 0.00241057 0.165427 0.1027 0.186101 0.0401904 0.00233918 0.0306611 0.126924 0.0654855 0.00441829 0.00214047 0.000133805 0.0453136 0.00914452 0.00331781 0.037484 0.0215149 0.145321 0.00725996 0.00232424 0.00236624 0.00500594 0.000199451 0.0126937 0.0289302 0.000207496 0.00489394 0.00237487 0.00357436 0.000309567 0.145897 0.000619311 0.0538071 0.181089 0.000225556 0.00818198 0.0125615 0.000992745
0.250339 0.164965 0.0909349 0.207008 0.167132 0.0225529 0.0369581 0.105271 0.380674 0.035726 0.165165 0.167132 0.0375346 0.0404038 0.360302 0.468014 0.313789 0.050063 0.536648 0.072256 0.399169 0.519393 0.00653688 1 0.515195 0.0265857 0.0418455 0.0588176 0.202045 0.442871 0.105918 0.00653688 0.00978804 0.317693 0.180596 0.0700799 0.670959 0.440361 0.231374 0.185394 0.408131 0.0601565 0.163562 0.240579 0.140888 0.675344 0.0361409 0.170897 0.0101141 0.0316052 0.450084 0.615778 0.237508 0.0483886 0.0749621 0.239631 0.00799495 0.0728213 0.0254053 0.434893 0.00134432 0.0849411
0.566191 0.134357 0.225595 0.36681 0.22458 0.00734805 0.0166806 0.157223 0.583377 0.0139797 0.405144 0.22458 0.0895315 0.0182552 0.730585 0.88311 0.600777 0.0268735 0.969338 0.0812333 0.647416 0.887478 0.00241057 0.515195 1 0.0134336 0.0236151 0.0460784 0.316664 0.861567 0.196241 0.00241057 0.00320257 0.618761 0.383378 0.224503 0.551577 0.71689 0.501442 0.0814463 0.711208 0.0320564 0.36682 0.519703 0.303516 0.929987 0.106168 0.36024 0.00276658 0.0902478 0.757531 0.829167 0.554241 0.12174 0.0586532 0.451463 0.00244388 0.0304446 0.0735196 0.610202 0.000332199 0.170629
0.0358551 0.65281 0.00983567 0.0132261 0.000873199 0.159718 0.293995 0.378411 0.0470661 0.28356 0.0205223 0.000873199 0.00180945 0.296367 0.0284605 0.0257942 0.0228614 0.63423 0.0174207 0.261097 0.063858 0.0151344 0.165427 0.0265857 0.0134336 1 0.854028 0.883598 0.169741 0.0132611 0.152697 0.165427 0.0984262 0.0239279 0.0116468 0.000830861 0.158695 0.04183 0.0177579 0.0703066 0.107662 0.304767 0.0408251 0.012756 0.0121809 0.024393 0.00121057 0.0647302 0.0447261 0.00124835 0.0260766 0.0119926 0.0211098 0.00181237 0.352454 0.00364527 0.080699 0.280316 0.00131831 0.0348573 0.0190285 0.00529828
0.0539659 0.733663 0.0171424 0.0240428 0.00185584 0.122631 0.245316 0.416818 0.0750638 0.234917 0.0338259 0.00185584 0.00300418 0.254913 0.0437216 0.0396213 0.0378571 0.537887 0.0302435 0.320342 0.0961795 0.0262305 0.1027 0.0418455 0.0236151 0.854028 1 0.888937 0.228479 0.0231697 0.198387 0.1027 0.0737607 0.0364395 0.0193854 0.00164814 0.199205 0.0613177 0.0292777 0.0708958 0.133588 0.308894 0.0613151 0.0210859 0.02157 0.041267 0.00226521 0.0962976 0.0335885 0.00234948 0.0434691 0.0214381 0.0303205 0.00341098 0.369641 0.0065013 0.0564597 0.244158 0.00253204 0.0548545 0.0120696 0.00918064
0.109559 0.850401 0.037314 0.0388872 0.0034205 0.223451 0.397527 0.646346 0.1114 0.377769 0.0708511 0.0034205 0.00721797 0.407734 0.0841408 0.0746882 0.0686736 0.705523 0.0542144 0.501673 0.146985 0.0488308 0.186101 0.0588176 0.0460784 0.883598 0.888937 1 0.315078 0.0466328 0.347893 0.186101 0.136583 0.0697842 0.0378191 0.00375706 0.265163 0.102066 0.0552711 0.114661 0.23139 0.454311 0.123037 0.0417717 0.0386881 0.069567 0.00513462 0.169097 0.0648801 0.00524528 0.0812323 0.0381848 0.0645667 0.00739373 0.566196 0.0137901 0.113096 0.389096 0.00528279 0.0816317 0.0268335 0.0181609
0.580601 0.561394 0.319307 0.33963 0.0314839 0.0888844 0.168987 0.537033 0.673191 0.15412 0.508793 0.0314839 0.040575 0.18205 0.45246 0.376287 0.441673 0.2277 0.373197 0.522488 0.749486 0.324729 0.0401904 0.202045 0.316664 0.169741 0.228479 0.315078 1 0.326493 0.811137 0.0401904 0.0518586 0.358138 0.24583 0.0365238 0.49485 0.458814 0.357475 0.115951 0.510202 0.25783 0.633519 0.258829 0.332291 0.430191 0.0392697 0.818117 0.0266801 0.041511 0.527438 0.254529 0.259494 0.05836 0.378941 0.0890434 0.0404593 0.186215 0.0546125 0.436809 0.00878737 0.135354
0.589197 0.131473 0.326079 0.299859 0.193545 0.00701849 0.0165336 0.166748 0.515181 0.0135452 0.523456 0.193545 0.0999938 0.0180402 0.734613 0.727931 0.609002 0.0263031 0.872717 0.0917592 0.64071 0.863536 0.00233918 0.442871 0.861567 0.0132611 0.0231697 0.0466328 0.326493 1 0.235333 0.00233918 0.0031198 0.639726 0.406079 0.590154 0.499468 0.719443 0.557765 0.0722913 0.704494 0.0315394 0.444884 0.609402 0.354025 0.836949 0.162778 0.422025 0.00257302 0.118481 0.735975 0.736237 0.657569 0.191593 0.060919 0.327107 0.00237572 0.0286797 0.0939229 0.491991 0.000321236 0.237858
0.593231 0.561323 0.356569 0.141401 0.0167945 0.0896048 0.189539 0.780384 0.372287 0.155409 0.556541 0.0167945 0.02503 0.198213 0.314796 0.266774 0.283937 0.222825 0.229169 0.776168 0.529947 0.192258 0.0306611 0.105918 0.196241 0.152697 0.198387 0.347893 0.811137 0.235333 1 0.0306611 0.050872 0.241858 0.152894 0.0253569 0.333732 0.295521 0.229042 0.0747794 0.470323 0.270224 0.726297 0.16536 0.23709 0.2517 0.0210766 0.819288 0.0263146 0.0217533 0.404969 0.154937 0.193557 0.0427662 0.497861 0.0562103 0.0427037 0.193775 0.0259467 0.210638 0.00785964 0.123209
0.00625104 0.188489 0.0016379 0.00267217 0.000163613 0.105546 0.198673 0.0797842 0.0102102 0.193835 0.00349985 0.000163613 0.000284722 0.193133 0.00520702 0.00479318 0.00441903 0.531567 0.00337796 0.0661638 0.0143807 0.00287101 0.126924 0.00653688 0.00241057 0.165427 0.1027 0.186101 0.0401904 0.00233918 0.0306611 1 0.0654855 0.00441829 0.00214047 0.000133805 0.0453136 0.00914452 0.00331781 0.037484 0.0215149 0.145321 0.00725996 0.00232424 0.00236624 0.00500594 0.000199451 0.0126937 0.0289302 0.000207496 0.00489394 0.00237487 0.00357436 0.000309567 0.145897 0.000619311 0.0538071 0.181089 0.000225556 0.00818198 0.0125615 0.000992745
0.00907558 0.240563 0.00227396 0.00339565 0.000200136 0.410142 0.455187 0.125967 0.0130338 0.673446 0.00486863 0.000200136 0.000388495 0.653714 0.0074433 0.00689708 0.00598571 0.360465 0.00445665 0.126875 0.0198189 0.00388371 0.0654855 0.00978804 0.00320257 0.0984262 0.0737607 0.136583 0.0518586 0.0031198 0.050872 0.0654855 1 0.00635699 0.00294731 0.000164254 0.0735632 0.0136187 0.00446465 0.0979795 0.0336916 0.460421 0.0111197 0.00321303 0.00305146 0.00683194 0.000255513 0.0179151 0.0823803 0.000265001 0.00669758 0.00320677 0.00526663 0.000400524 0.383437 0.000822695 0.187738 0.445043 0.000275797 0.0119154 0.749302 0.00137298
0.54609 0.163539 0.339317 0.356147 0.0880722 0.0134801 0.0287023 0.211706 0.554377 0.024164 0.385163 0.0880722 0.56058 0.0308293 0.901803 0.560157 0.885978 0.0413297 0.63696 0.118062 0.757497 0.740198 0.00441829 0.317693 0.618761 0.0239279 0.0364395 0.0697842 0.358138 0.639726 0.241858 0.00441829 0.00635699 1 0.720559 0.10359 0.540566 0.888648 0.796672 0.0956917 0.799494 0.0484027 0.412367 0.763069 0.562642 0.681708 0.269799 0.391286 0.00496998 0.28056 0.842483 0.504109 0.649184 0.259067 0.0877462 0.18557 0.00510008 0.0452067 0.202949 0.457727 0.000787116 0.310782
0.376279 0.101079 0.358686 0.257603 0.0388512 0.00659169 0.0143959 0.126739 0.393454 0.0121412 0.282984 0.0388512 0.176855 0.0156525 0.716406 0.339525 0.647949 0.0221044 0.38892 0.0650511 0.588452 0.474048 0.00214047 0.180596 0.383378 0.0116468 0.0193854 0.0378191 0.24583 0.406079 0.152894 0.00214047 0.00294731 0.720559 1 0.0503457 0.373791 0.718061 0.631167 0.0609205 0.559543 0.0262157 0.300972 0.641992 0.707824 0.433213 0.46474 0.27049 0.00251499 0.696452 0.580171 0.291751 0.444805 0.178613 0.047854 0.0919144 0.00229722 0.0249439 0.118523 0.29619 0.000330561 0.262126
0.08961 0.0125871 0.0457096 0.034191 0.0262634 0.000396063 0.00105572 0.0177302 0.0717382 0.000824378 0.136094 0.0262634 0.0103481 0.0011641 0.124492 0.127371 0.0827628 0.0019159 0.22793 0.00769257 0.0927417 0.22821 0.000133805 0.0700799 0.224503 0.000830861 0.00164814 0.00375706 0.0365238 0.590154 0.0253569 0.000133805 0.000164254 0.10359 0.0503457 1 0.0641358 0.119586 0.0891819 0.00653913 0.109875 0.00228018 0.0650497 0.147595 0.0405144 0.197551 0.0235177 0.0603635 0.000144437 0.0115739 0.117691 0.173896 0.171914 0.0267092 0.00490757 0.0453322 0.000120743 0.00205493 0.00969512 0.0688052 1.40201e-05 0.0274113
0.47027 0.476496 0.221386 0.438318 0.0856235 0.1517 0.221458 0.364315 0.66596 0.217427 0.306143 0.0856235 0.0850705 0.236349 0.627685 0.596384 0.565969 0.253391 0.583125 0.296885 0.697913 0.573479 0.0453136 0.670959 0.551577 0.158695 0.199205 0.265163 0.49485 0.499468 0.333732 0.0453136 0.0735632 0.540566 0.373791 0.0641358 1 0.701861 0.462142 0.62832 0.72326 0.291295 0.343072 0.419877 0.33378 0.721155 0.0848581 0.395437 0.0707934 0.0865113 0.622753 0.509417 0.428311 0.117501 0.341754 0.203863 0.0643904 0.352309 0.0731762 0.700461 0.0130014 0.194036
0.611963 0.234011 0.459514 0.48314 0.103888 0.0288793 0.0525819 0.252953 0.723696 0.0475371 0.457407 0.103888 0.213949 0.0566461 0.940785 0.678179 0.877441 0.0708973 0.740951 0.15688 0.840792 0.81194 0.00914452 0.440361 0.71689 0.04183 0.0613177 0.102066 0.458814 0.719443 0.295521 0.00914452 0.0136187 0.888648 0.718061 0.119586 0.701861 1 0.765488 0.173407 0.860908 0.0832348 0.475888 0.813604 0.587482 0.818377 0.27211 0.457521 0.0118509 0.278804 0.871536 0.590119 0.652121 0.397995 0.128614 0.230751 0.0111917 0.0851084 0.14645 0.635997 0.00192824 0.522595
0.490741 0.143385 0.377943 0.310288 0.0542403 0.00959773 0.0212829 0.177319 0.490403 0.0179613 0.371661 0.0542403 0.186015 0.0231729 0.841249 0.444305 0.849815 0.0325553 0.517095 0.0991409 0.771278 0.570291 0.00331781 0.231374 0.501442 0.0177579 0.0292777 0.0552711 0.357475 0.557765 0.229042 0.00331781 0.00446465 0.796672 0.631167 0.0891819 0.462142 0.765488 1 0.0763449 0.709679 0.0387495 0.392823 0.70685 0.682395 0.547269 0.220758 0.384802 0.0035042 0.203128 0.738225 0.384139 0.725462 0.231798 0.0702538 0.124421 0.00343396 0.0345552 0.621071 0.37108 0.000512157 0.278056
0.0791631 0.257106 0.0274688 0.0731707 0.00968574 0.225128 0.264688 0.131645 0.132562 0.270955 0.0399606 0.00968574 0.0103179 0.277941 0.109451 0.108267 0.101616 0.224051 0.0936995 0.121105 0.17681 0.0923463 0.037484 0.185394 0.0814463 0.0703066 0.0708958 0.114661 0.115951 0.0722913 0.0747794 0.037484 0.0979795 0.0956917 0.0609205 0.00653913 0.62832 0.173407 0.0763449 1 0.204542 0.288208 0.0498704 0.0665781 0.0533391 0.136801 0.00955445 0.0696811 0.140775 0.00989034 0.104322 0.0837262 0.0710346 0.0142478 0.277122 0.0258443 0.0996153 0.491947 0.00840438 0.187978 0.0194423 0.0305031
0.768371 0.36921 0.360639 0.420485 0.0835841 0.064529 0.121889 0.498223 0.638553 0.105516 0.52992 0.0835841 0.190013 0.127721 0.905881 0.758191 0.783798 0.151376 0.710746 0.349039 0.791307 0.719773 0.0215149 0.408131 0.711208 0.107662 0.133588 0.23139 0.510202 0.704494 0.470323 0.0215149 0.0336916 0.799494 0.559543 0.109875 0.72326 0.860908 0.709679 0.204542 1 0.169364 0.562771 0.641959 0.464266 0.766971 0.156444 0.571652 0.0230587 0.15576 0.819695 0.55805 0.785952 0.187135 0.281834 0.290341 0.0288439 0.156227 0.13447 0.605878 0.00527911 0.272956
0.07209 0.731797 0.0240955 0.0318193 0.00260471 0.67862 0.82648 0.480647 0.0929881 0.889093 0.0462429 0.00260471 0.00406171 0.912273 0.0580526 0.0529616 0.0504537 0.704962 0.0405222 0.496859 0.123677 0.0357394 0.145321 0.0601565 0.0320564 0.304767 0.308894 0.454311 0.25783 0.0315394 0.270224 0.145321 0.460421 0.0484027 0.0262157 0.00228018 0.291295 0.0832348 0.0387495 0.288208 0.169364 1 0.08493 0.0285171 0.0287299 0.0559177 0.00311631 0.124882 0.242452 0.00323192 0.0586982 0.0296655 0.0397407 0.00473597 0.905832 0.00891652 0.359516 0.868184 0.00340605 0.0759732 0.134356 0.0127849
0.888367 0.258002 0.751992 0.180076 0.0440321 0.020698 0.0519743 0.386574 0.395401 0.0398622 0.934168 0.0440321 0.0545559 0.0550822 0.514531 0.429293 0.461239 0.0683637 0.392408 0.338096 0.65142 0.360134 0.00725996 0.163562 0.36682 0.0408251 0.0613151 0.123037 0.633519 0.444884 0.726297 0.00725996 0.0111197 0.412367 0.300972 0.0650497 0.343072 0.475888 0.392823 0.0498704 0.562771 0.08493 1 0.323849 0.47444 0.408852 0.0510041 0.926033 0.00602923 0.0531241 0.6409 0.293582 0.322873 0.133252 0.182772 0.1196 0.00885857 0.0588539 0.0506266 0.26951 0.00138017 0.332729
0.431342 0.109925 0.348192 0.284532 0.065581 0.00717226 0.0157538 0.142549 0.438738 0.0132116 0.333675 0.065581 0.183209 0.0171009 0.780278 0.439174 0.701024 0.0240908 0.520673 0.0716067 0.590821 0.605616 0.00232424 0.240579 0.519703 0.012756 0.0210859 0.0417717 0.258829 0.609402 0.16536 0.00232424 0.00321303 0.763069 0.641992 0.147595 0.419877 0.813604 0.70685 0.0665781 0.641959 0.0285171 0.323849 1 0.463435 0.554961 0.611045 0.294226 0.00272687 0.432572 0.645623 0.403603 0.570478 0.626794 0.0528177 0.137178 0.00250986 0.027184 0.189185 0.353134 0.000360864 0.50982
0.425386 0.11439 0.678773 0.192426 0.0275003 0.00655475 0.0148008 0.126282 0.366341 0.012613 0.459895 0.0275003 0.0892002 0.0163085 0.593985 0.279303 0.597185 0.0236715 0.33848 0.082983 0.692459 0.361885 0.00236624 0.140888 0.303516 0.0121809 0.02157 0.0386881 0.332291 0.354025 0.23709 0.00236624 0.00305146 0.562642 0.707824 0.0405144 0.33378 0.587482 0.682395 0.0533391 0.464266 0.0287299 0.47444 0.463435 1 0.35497 0.155204 0.405149 0.002377 0.240358 0.551394 0.233994 0.399465 0.168332 0.0513807 0.0660961 0.0022845 0.0242061 0.189334 0.236406 0.000341144 0.351969
0.587313 0.199117 0.263029 0.507292 0.219355 0.0153347 0.0306344 0.191527 0.755768 0.0273606 0.419796 0.219355 0.109511 0.0336233 0.789349 0.880593 0.680828 0.0465255 0.950961 0.115416 0.759459 0.917188 0.00500594 0.675344 0.929987 0.024393 0.041267 0.069567 0.430191 0.836949 0.2517 0.00500594 0.00683194 0.681708 0.433213 0.197551 0.721155 0.818377 0.547269 0.136801 0.766971 0.0559177 0.408852 0.554961 0.35497 1 0.112573 0.418186 0.00608405 0.100816 0.831714 0.841023 0.547181 0.145489 0.0885575 0.424706 0.00529111 0.0553937 0.0771515 0.767817 0.000809048 0.218766
0.0834521 0.0158094 0.061702 0.0549925 0.00808367 0.000619852 0.00152569 0.0232438 0.0855932 0.00122453 0.0565822 0.00808367 0.0357267 0.00167377 0.263854 0.0743246 0.183048 0.0026455 0.0979706 0.00836722 0.128647 0.140984 0.000199451 0.0361409 0.106168 0.00121057 0.00226521 0.00513462 0.0392697 0.162778 0.0210766 0.000199451 0.000255513 0.269799 0.46474 0.0235177 0.0848581 0.27211 0.220758 0.00955445 0.156444 0.00311631 0.0510041 0.611045 0.155204 0.112573 1 0.044775 0.000235415 0.750762 0.147994 0.0742778 0.131734 0.154017 0.0064189 0.0175264 0.000192287 0.00302763 0.0323222 0.0565116 2.35375e-05 0.0957548
0.868365 0.351023 0.567814 0.221006 0.0354537 0.0327213 0.0758215 0.451176 0.49288 0.0618925 0.854042 0.0354537 0.0454303 0.0812025 0.502715 0.435665 0.457234 0.102367 0.399734 0.410196 0.718093 0.347696 0.0126937 0.170897 0.36024 0.0647302 0.0962976 0.169097 0.818117 0.422025 0.819288 0.0126937 0.0179151 0.391286 0.27049 0.0603635 0.395437 0.457521 0.384802 0.0696811 0.571652 0.124882 0.926033 0.294226 0.405149 0.418186 0.044775 1 0.0096657 0.0455515 0.60939 0.280085 0.315768 0.0828562 0.237542 0.113132 0.013945 0.0864933 0.0555832 0.3203 0.00238902 0.213883
0.00577574 0.125469 0.00142143 0.0028734 0.0002091 0.205494 0.235891 0.067034 0.00879414 0.242666 0.00280788 0.0002091 0.000319406 0.246678 0.00570467 0.0054779 0.00485032 0.185715 0.00373665 0.0675412 0.0147092 0.0034747 0.0289302 0.0101141 0.00276658 0.0447261 0.0335885 0.0648801 0.0266801 0.00257302 0.0263146 0.0289302 0.0823803 0.00496998 0.00251499 0.000144437 0.0707934 0.0118509 0.0035042 0.140775 0.0230587 0.242452 0.00602923 0.00272687 0.002377 0.00608405 0.000235415 0.0096657 1 0.000245248 0.00505467 0.00303475 0.00383815 0.000373979 0.224247 0.000734031 0.0842769 0.534335 0.000230017 0.0113354 0.0155403 0.00121329
0.0824194 0.0163859 0.0756254 0.0561822 0.00581373 0.000643847 0.00157414 0.0233631 0.0870104 0.00127109 0.0514858 0.00581373 0.0376306 0.00172937 0.270664 0.0665254 0.184342 0.00273964 0.0824073 0.00855443 0.140825 0.127883 0.000207496 0.0316052 0.0902478 0.00124835 0.00234948 0.00524528 0.041511 0.118481 0.0217533 0.000207496 0.000265001 0.28056 0.696452 0.0115739 0.0865113 0.278804 0.203128 0.00989034 0.15576 0.00323192 0.0531241 0.432572 0.240358 0.100816 0.750762 0.0455515 0.000245248 1 0.148801 0.0616258 0.114251 0.0756988 0.0065589 0.013907 0.000199095 0.00313772 0.0238571 0.0542907 2.44278e-05 0.0676885
0.719946 0.213535 0.440148 0.405081 0.179617 0.0141947 0.0322915 0.255799 0.6706 0.0268439 0.578011 0.179617 0.204801 0.0351038 0.899783 0.708928 0.911497 0.0484121 0.786631 0.172316 0.893683 0.805034 0.00489394 0.450084 0.757531 0.0260766 0.0434691 0.0812323 0.527438 0.735975 0.404969 0.00489394 0.00669758 0.842483 0.580171 0.117691 0.622753 0.871536 0.738225 0.104322 0.819695 0.0586982 0.6409 0.645623 0.551394 0.831714 0.147994 0.60939 0.00505467 0.148801 1 0.684555 0.614342 0.174564 0.109205 0.290858 0.00514615 0.0504155 0.145822 0.564298 0.000761524 0.277125
0.42992 0.118573 0.17625 0.26081 0.526849 0.00753361 0.0155434 0.11948 0.464953 0.0136843 0.31366 0.526849 0.0763842 0.0171196 0.566519 0.760852 0.4884 0.024609 0.846315 0.065329 0.535791 0.808104 0.00237487 0.615778 0.829167 0.0119926 0.0214381 0.0381848 0.254529 0.736237 0.154937 0.00237487 0.00320677 0.504109 0.291751 0.173896 0.509417 0.590119 0.384139 0.0837262 0.55805 0.0296655 0.293582 0.403603 0.233994 0.841023 0.0742778 0.280085 0.00303475 0.0616258 0.684555 1 0.408641 0.0905126 0.049107 0.562892 0.0024633 0.0302358 0.0513247 0.488757 0.000351676 0.134962
0.498107 0.129774 0.234937 0.280856 0.0638176 0.010938 0.0246739 0.210586 0.403619 0.0198507 0.346173 0.0638176 0.111567 0.0261683 0.778918 0.49502 0.652685 0.0345746 0.538015 0.105072 0.576083 0.565755 0.00357436 0.237508 0.554241 0.0211098 0.0303205 0.0645667 0.259494 0.657569 0.193557 0.00357436 0.00526663 0.649184 0.444805 0.171914 0.428311 0.652121 0.725462 0.0710346 0.785952 0.0397407 0.322873 0.570478 0.399465 0.547181 0.131734 0.315768 0.00383815 0.114251 0.614342 0.408641 1 0.142424 0.0797308 0.153596 0.00427749 0.036335 0.205885 0.354988 0.000643666 0.175511
0.122978 0.0233186 0.318475 0.0625206 0.00979034 0.000971859 0.00233067 0.0319172 0.118391 0.00189576 0.142706 0.00979034 0.0351324 0.00256065 0.257855 0.0942682 0.209887 0.00398 0.119508 0.0139234 0.155946 0.174128 0.000309567 0.0483886 0.12174 0.00181237 0.00341098 0.00739373 0.05836 0.191593 0.0427662 0.000309567 0.000400524 0.259067 0.178613 0.0267092 0.117501 0.397995 0.231798 0.0142478 0.187135 0.00473597 0.133252 0.626794 0.168332 0.145489 0.154017 0.0828562 0.000373979 0.0756988 0.174564 0.0905126 0.142424 1 0.00952808 0.0217711 0.000301876 0.00462527 0.0340445 0.0748082 3.76167e-05 0.747561
0.150437 0.839769 0.0560777 0.0486598 0.00438385 0.623897 0.822734 0.748738 0.138343 0.80246 0.104108 0.00438385 0.00895114 0.851062 0.106854 0.0947381 0.0879818 0.712025 0.0693153 0.765051 0.189181 0.0619046 0.145897 0.0749621 0.0586532 0.352454 0.369641 0.566196 0.378941 0.060919 0.497861 0.145897 0.383437 0.0877462 0.047854 0.00490757 0.341754 0.128614 0.0702538 0.277122 0.281834 0.905832 0.182772 0.0528177 0.0513807 0.0885575 0.0064189 0.237542 0.224247 0.0065589 0.109205 0.049107 0.0797308 0.00952808 1 0.0174044 0.376841 0.821027 0.00666491 0.103318 0.102511 0.0244907
0.25119 0.040749 0.0544127 0.111434 0.137845 0.00194276 0.00457686 0.0535341 0.195962 0.00373733 0.129013 0.137845 0.0192065 0.00499613 0.23186 0.687084 0.1672 0.00754189 0.447626 0.023356 0.204216 0.358338 0.000619311 0.239631 0.451463 0.00364527 0.0065013 0.0137901 0.0890434 0.327107 0.0562103 0.000619311 0.000822695 0.18557 0.0919144 0.0453322 0.203863 0.230751 0.124421 0.0258443 0.290341 0.00891652 0.1196 0.137178 0.0660961 0.424706 0.0175264 0.113132 0.000734031 0.013907 0.290858 0.562892 0.153596 0.0217711 0.0174044 1 0.000629414 0.00875021 0.0118079 0.277422 8.11781e-05 0.037517
0.00719943 0.200731 0.00172826 0.00253365 0.00014683 0.77345 0.720348 0.112255 0.00980969 0.515935 0.00371395 0.00014683 0.000301752 0.512979 0.00594242 0.005521 0.00461504 0.337008 0.00338729 0.11183 0.0156117 0.00299573 0.0538071 0.00799495 0.00244388 0.080699 0.0564597 0.113096 0.0404593 0.00237572 0.0427037 0.0538071 0.187738 0.00510008 0.00229722 0.000120743 0.0643904 0.0111917 0.00343396 0.0996153 0.0288439 0.359516 0.00885857 0.00250986 0.0022845 0.00529111 0.000192287 0.013945 0.0842769 0.000199095 0.00514615 0.0024633 0.00427749 0.000301876 0.376841 0.000629414 1 0.478996 0.000202276 0.00963189 0.0376373 0.00106708
0.0561282 0.615151 0.0172204 0.0289376 0.00269754 0.785618 0.877851 0.385208 0.0760797 0.896355 0.0319384 0.00269754 0.00383145 0.907894 0.0528967 0.0500602 0.0458891 0.721269 0.0376852 0.383145 0.108452 0.0350435 0.181089 0.0728213 0.0304446 0.280316 0.244158 0.389096 0.186215 0.0286797 0.193775 0.181089 0.445043 0.0452067 0.0249439 0.00205493 0.352309 0.0851084 0.0345552 0.491947 0.156227 0.868184 0.0588539 0.027184 0.0242061 0.0553937 0.00302763 0.0864933 0.534335 0.00313772 0.0504155 0.0302358 0.036335 0.00462527 0.821027 0.00875021 0.478996 1 0.00294738 0.0820688 0.128672 0.0121704
0.0722067 0.0172476 0.0562779 0.0447994 0.00494995 0.000636254 0.00160022 0.0219769 0.0745989 0.00130346 0.0456979 0.00494995 0.0266476 0.00177099 0.212715 0.056375 0.241732 0.00286191 0.0764368 0.00937041 0.20283 0.0883827 0.000225556 0.0254053 0.0735196 0.00131831 0.00253204 0.00528279 0.0546125 0.0939229 0.0259467 0.000225556 0.000275797 0.202949 0.118523 0.00969512 0.0731762 0.14645 0.621071 0.00840438 0.13447 0.00340605 0.0506266 0.189185 0.189334 0.0771515 0.0323222 0.0555832 0.000230017 0.0238571 0.145822 0.0513247 0.205885 0.0340445 0.00666491 0.0118079 0.000202276 0.00294738 1 0.0442862 2.58118e-05 0.0343285
0.440743 0.220426 0.150167 0.821069 0.0781866 0.0263708 0.0456881 0.171169 0.897977 0.0431056 0.255998 0.0781866 0.0551686 0.0499176 0.627395 0.721601 0.478746 0.0634931 0.61914 0.115557 0.62133 0.560896 0.00818198 0.434893 0.610202 0.0348573 0.0548545 0.0816317 0.436809 0.491991 0.210638 0.00818198 0.0119154 0.457727 0.29619 0.0688052 0.700461 0.635997 0.37108 0.187978 0.605878 0.0759732 0.26951 0.353134 0.236406 0.767817 0.0565116 0.3203 0.0113354 0.0542907 0.564298 0.488757 0.354988 0.0748082 0.103318 0.277422 0.00963189 0.0820688 0.0442862 1 0.00163811 0.131971
0.00109011 0.0539747 0.000230352 0.000378496 1.80708e-05 0.115529 0.130919 0.0238818 0.00174593 0.282781 0.000528397 1.80708e-05 3.88763e-05 0.271231 0.000909805 0.000844843 0.000697817 0.104897 0.000500513 0.0241168 0.00283647 0.000427904 0.0125615 0.00134432 0.000332199 0.0190285 0.0120696 0.0268335 0.00878737 0.000321236 0.00785964 0.0125615 0.749302 0.000787116 0.000330561 1.40201e-05 0.0130014 0.00192824 0.000512157 0.0194423 0.00527911 0.134356 0.00138017 0.000360864 0.000341144 0.000809048 2.35375e-05 0.00238902 0.0155403 2.44278e-05 0.000761524 0.000351676 0.000643666 3.76167e-05 0.102511 8.11781e-05 0.0376373 0.128672 2.58118e-05 0.00163811 1 0.000151626
0.257456 0.0520087 0.662749 0.0982431 0.015459 0.00312032 0.00688705 0.0670138 0.198637 0.00575408 0.343693 0.015459 0.0412812 0.00750721 0.32293 0.159161 0.28785 0.0106084 0.179302 0.0398993 0.273633 0.240467 0.000992745 0.0849411 0.170629 0.00529828 0.00918064 0.0181609 0.135354 0.237858 0.123209 0.000992745 0.00137298 0.310782 0.262126 0.0274113 0.194036 0.522595 0.278056 0.0305031 0.272956 0.0127849 0.332729 0.50982 0.351969 0.218766 0.0957548 0.213883 0.00121329 0.0676885 0.277125 0.134962 0.175511 0.747561 0.0244907 0.037517 0.00106708 0.0121704 0.0343285 0.131971 0.000151626 1
